1020 1888
1019.7551251226146 1854.7605741590748
1019.0584707138887 1804.3961242283722
1017.9669921089684 1739.4527076222405
1016.5376446429987 1662.4763817550288
1014.8273836511257 1576.013204041085
1012.8931644684948 1482.6092318947585
1010.7919424302519 1384.810522730397
1008.5806728715426 1285.1631339623502
1006.3163111275121 1186.2131230049658
1004.0558125333065 1090.506547272593
1001.8561324240716 1000.5894641795803
999.7742261349526 919.0079311402762
997.8670490010952 848.3080055690292
996.1915563576454 791.0357448801883
994.8047035397485 749.737206488102
992.8780043353122 711.7390744228592
988.6015049063842 638.3258342262627
928.8999361596676 634.6892605214808
862.4774233101958 631.6296448325668
789.5986445900113 615.3468952531251
716.167157685798 587.7114459017091
648.0865202842397 550.5937308968723
589.0907137018238 501.3635420939477
545.4321765909351 436.51506982604775
530.0854429812554 374.37758895004634
546.6814961035673 321.18266885341046
587.9745983389338 284.5930973091803
648.0949512352191 264.6088743173558
721.172756340287 261.229999877937
801.3382152020018 274.45647399092394
882.7215293682273 304.2882966563167
959.4529003868274 350.72546787411494
1012.3992716406211 397.07462840153613
1040.4570836770401 427.7128441620414
1058.4705617204936 463.21815592397536
1069.1392423989353 515.9969447860194
1075.1626623403195 598.4555918468551
1079.2403581726 723.0004782051643
1082.414795983722 849.2807685496919
1084.7195503621217 946.064653805864
1086.7083033630631 1031.6639090713977
1088.1816676222122 1099.7978323697776
1088.9402557752353 1144.1857217244913
1089.8067930918862 1200.6007924212897
1143.6555257978591 1199.6897581971334
1213.9665664388149 1175.0713978025863
1294.0499624811853 1141.1559342234393
1365.6618587669063 1105.9706637292404
1413.6191520504128 1075.286542132157
1452.628031317205 1036.034679899331
1483.9158391368867 983.2839791897293
1512.7127552852662 906.6766329963577
1544.0825336489447 799.0003483820204
1574.6261037391225 707.7553107250704
1603.2620219209598 648.2988370298224
1633.2328686118112 615.1423018688636
1639.8975751795754 637.019023042599
1618.4445330798487 679.5503850138366
1604.1608278341232 752.6019654083727
1591.7804691366807 866.1324047847193
1581.4233884578334 955.5040379226853
1574.2424897158337 1006.7334139321155
1551.0602204504114 1067.3657477880693
1510.7568183611718 1135.6432288620433
1470.46507341956 1183.7773154201739
1424.4684725867298 1222.3033384435114
1363.8656083488627 1265.3102952152094
1294.2687595430618 1309.2083497223466
1221.2902050064329 1350.4076659519988
1129.4682736095685 1396.851261457327
1094.480316387095 1431.6765056973354
1097.826528705772 1483.0338739293466
1099.1091998926363 1574.6843885120738
1099.7964380386263 1648.2188701330078
1144.4364413543294 1659.5070506979646
1213.1200999203022 1635.42115583469
1292.9735124216495 1602.2967440388513
1366.1201007156728 1567.7374277331342
1416.5165732781873 1538.0631546949191
1457.7888899400698 1501.1849130502662
1489.54970643375 1452.798639271241
1517.8328019954704 1381.5681420655123
1548.877431020328 1275.2820680764412
1578.616984407255 1173.4821293822577
1603.435458174905 1117.0089519073108
1634.0744590720606 1080.9298238164517
1654.35825772929 1091.4946230907847
1629.4021020707778 1134.6907172707308
1616.5870362746796 1186.3676106058176
1605.3631906687351 1281.5695539447102
1593.6813313907376 1394.1112494924835
1578.0984550844203 1473.5976721359123
1554.617224338514 1539.041018475051
1521.405756799304 1594.5277952989552
1476.6321701130782 1644.1445093966754
1427.3710109504675 1684.6918179067343
1364.4788801830823 1727.4618327167077
1290.5996748352006 1773.4044224270856
1218.9436179943668 1814.515087455161
1162.720932748126 1842.7893282182267
1108.5997159012227 1876.9072906965373
1087.8176058763092 1934.9225568605939
1020 1927.8390770293545
1089.9893346250938 1889.5204323149094
1108.1758125082797 1850.2753191971285
1203.4070581121152 1802.2329161191922
1287.6610011867674 1758.5133460119253
1361.0340701049831 1713.4657940531818
1423.4903621168082 1667.1261629929147
1474.993974472289 1619.5303555810785
1515.5090044214708 1570.7142745676274
1544.9995492143994 1520.7138227025152
1562.9955095647522 1470.4078746340915
1576.5388593656853 1394.3187523305228
1589.0693937782842 1297.5580480793692
1596.8175557760792 1212.8737885480796
1596.0137883326008 1173.0140004041036
1578.1764866688736 1226.218586147124
1547.2214930994119 1336.824102224162
1520.2198273022266 1419.788607677334
1494.1028574118002 1475.9953228945556
1464.7082184409953 1516.0285474145471
1425.3219277093694 1549.3049294884568
1364.890256302153 1585.6638209953223
1291.384096454399 1621.402885718209
1213.478126412255 1652.2164439437006
1120.803837681666 1678.852456027134
1085.0561722892342 1668.6696098019468
1081.1429538914504 1605.471256311753
1080 1511.1080825285
1080 1437.5703895844813
1114.271809556343 1385.6611140487203
1181.2440945257806 1353.5806569628678
1252.0611389331268 1315.8167155885862
1321.9600307871933 1273.6898348013176
1385.8189449871932 1230.4926164515682
1438.51605643234 1189.5176623898437
1483.2229079257515 1145.623233947272
1524.9730809191803 1087.3756443609404
1552.361658994187 1020.82722178935
1565.4135705748997 955.5337318615259
1576.1982301909713 863.8679015749964
1584.654635675014 770.2120968337363
1586.7093386028737 715.6141440657625
1575.0452490944863 743.1651827780386
1546.9568677127763 843.4438092469685
1519.2201143337008 936.1309602274147
1490.2085313686916 1005.6041113593674
1455.7389372321343 1057.6196065341417
1411.6281503384143 1097.9337896430534
1353.6929891019174 1132.3030045774176
1282.7186134037122 1164.0996545462303
1198.1980819907376 1196.1573526322256
1122.130411362119 1221.3751924044032
1084.3275079978598 1229.8327360201502
1079.4982462964813 1215.6473755229315
1075.408302134128 1175.0556686355987
1071.8676724816455 1103.0225350855426
1068.6863543098784 994.5128946001623
1065.5907296871173 843.8314746894812
1062.2193189326483 697.1185372063617
1059.0407095569353 596.1591878670341
1055.3382707584965 530.920595450749
1050.3953717358497 491.3699287367567
1043.4953816875125 467.47435650430754
1018.1101574521686 425.76257084709107
966.1374229664666 374.16199355139696
900.0574255671295 331.4913311382393
825.7240574197971 299.7633832061186
748.9912106901085 280.99094935353577
675.7127775437034 277.1868291789915
611.7426501462226 290.36382228098586
562.8542425498055 323.42039020307027
544.6508380367184 371.803331767994
558.0468208422665 427.92476250058905
598.9487720005412 485.980999346451
663.2632725456344 540.1683592511754
746.8969035116377 584.6831591603577
832.2905569119215 612.1621732856171
899.255500844801 618.6462356796976
975.7750150149315 612.7749987825731
1010 649.2003923006731
1010.0682742832204 707.6743863492411
1010.6565383949645 738.6215365619671
1011.7204153599132 788.7710174821987
1013.1926313034965 855.2999138347042
1015.0059123511446 935.38531034426
1017.092984628287 1026.2042917356378
1019.3865742603538 1124.9339427336092
1021.819407372775 1228.7513480629473
1024.3242100909808 1334.833592448424
1026.8337085404007 1440.3577606148103
1029.280628846465 1542.5009372868853
1031.597697134604 1638.4402071894142
1033.7176395302467 1725.3526550471715
1035.5731821588238 1800.4153655849304
1037.097051145765 1860.805423527463
1038.2219726165004 1903.699913599542
1038.8806726964597 1926.27592052594
